Toplama 8 9 13 9 10 7 6 3 10 12 10 10 13 8 4 9 
Toplama 14,0 7,0 10,0 4,0 8,0 18,0 16,0 10,0 8,0 3,0 14,0 17,0 13,0 18,0 13,0 9,0 
MatrisTersi -1,8 -2,3 1,7 1,0 0,3 0,1 -0,1 0,0 0,1 0,3 -0,1 0,0 1,5 2,2 -1,4 -1,0 
Toplama 2 5 9 11 11 4 17 12 18 7 6 15 13 14 8 13 
carpma 125 131 167 76 113 125 159 74 123 150 164 109 81 102 105 85 
MatrisTranspoz 6 4 8 5 6 1 4 7 8 8 1 1 1 7 4 9 
Toplama 7 6 5 11 11 13 14 9 10 17 6 11 11 12 4 11 
MatrisIzi 25
Toplama 7 2 3 7 7 9 8 9 6 12 5 7 13 8 2 6 
Toplama|3 6 7 4 8 2 3 7 4 7 5 7 7 9 9 7 |3 7 4 8 2 4 4 8 5 5 5 3 7 5 4 5 |6 13 11 12 10 6 7 15 9 12 10 10 14 14 13 12 
